49.738220 17.391304 94.620104 44.821429 0.000000 76.678043 33.181442 15.306730 45.855012 46.296296 49.781513 31.068674 89.738348 91.271216 99.602385
52.302596 8.695652 0.000000 47.410714 0.000000 76.943496 34.962717 0.000000 42.663892 0.000000 46.151261 33.786265 88.920687 88.708001 99.445832
60.508601 91.304348 95.894290 65.357143 0.000000 81.418278 55.426678 36.450268 27.020465 52.962963 64.974790 53.066471 90.106296 94.076896 99.737627
42.301528 100.000000 0.000000 49.196429 0.000000 77.929465 41.010771 0.000000 36.628512 0.000000 54.722689 36.687477 91.864268 83.685487 99.527323
3.835880 60.869565 95.280793 55.267857 26.493880 78.953356 45.857498 18.225134 40.790843 52.037037 56.873950 33.896438 87.571545 85.313474 99.264603
20.504327 65.217391 94.620104 46.562500 0.000000 77.436481 38.069594 15.544967 53.867499 48.703704 51.428571 25.743665 91.128373 79.909941 99.315189
45.891655 95.652174 95.186409 53.928571 0.000000 78.384528 43.289147 0.000000 35.796046 0.000000 52.067227 38.780757 92.518397 79.494285 99.389263
71.033230 43.478261 95.658329 58.035714 0.000000 79.598028 48.632974 36.926742 32.188692 61.111111 44.739496 51.707675 85.609158 86.144787 99.181036
71.289668 100.000000 95.186409 58.169643 0.000000 79.142965 46.727423 31.387731 31.737773 57.777778 46.184874 54.608887 85.445626 93.557326 99.294173
58.713538 69.565217 96.743747 79.642857 0.000000 87.978764 74.440762 51.578320 20.534166 60.185185 79.865546 75.100992 90.596893 90.751645 99.677300
66.417352 4.347826 95.705521 65.625000 0.000000 80.925294 53.769677 45.145920 26.777662 59.814815 54.453782 61.072347 85.854456 98.233460 99.402911
8.708195 60.869565 95.233601 56.830357 27.429806 79.522184 48.301574 19.535438 39.368713 53.148148 58.386555 36.907822 88.552739 81.988223 99.236368
85.393739 100.000000 94.856064 49.419643 0.000000 76.753887 33.719967 20.845742 43.426986 59.259259 33.008403 30.370914 83.851186 82.403879 99.062854
77.957047 43.478261 95.799906 63.348214 0.000000 80.128934 50.787075 39.428231 27.887617 61.666667 50.789916 56.151304 85.404742 92.379633 99.274295
94.871247 47.826087 95.847098 68.258929 0.000000 80.849450 53.438277 45.384157 24.557752 70.555556 53.815126 61.439589 89.574816 81.988223 99.294569
92.061118 86.956522 96.554979 68.125000 0.000000 82.859310 60.190555 45.562835 24.765869 78.703704 56.436975 66.654425 85.200327 88.223069 99.196315
84.880863 78.260870 95.422369 57.857143 0.000000 79.408419 47.804474 32.459797 30.766563 73.518519 43.193277 49.173705 85.486509 82.369241 99.112995
13.067635 82.608696 97.074092 81.517857 60.619150 86.044748 69.428335 28.648005 26.187999 62.037037 85.915966 72.934264 89.860998 89.573952 99.559019
24.094455 95.652174 95.469561 62.276786 0.000000 80.697763 52.899751 19.654556 32.292751 57.962963 69.243697 49.614396 92.191333 84.447523 99.593781
69.494604 91.304348 95.658329 61.383929 0.000000 80.697763 52.899751 31.983323 28.928200 57.777778 56.470588 54.315094 88.021259 91.132664 99.434409
91.291805 60.869565 94.856064 45.848214 0.000000 77.019340 35.625518 22.513401 42.663892 55.925926 30.554622 22.989350 83.074407 79.944579 99.015433
59.739288 69.565217 95.658329 63.125000 0.000000 81.114903 54.391052 30.077427 28.303850 58.888889 62.655462 51.891296 89.983647 95.393142 99.762648
67.186665 26.086957 95.186409 62.366071 0.000000 78.725825 44.780447 30.970816 35.379813 55.370370 50.252101 50.422328 86.794767 97.644614 99.474067
46.917406 69.565217 95.752714 60.982143 0.000000 81.987107 57.415079 35.318642 37.391606 69.444444 57.142857 50.679398 97.465249 74.056114 99.352770
24.094455 69.565217 95.044832 57.232143 0.000000 79.256731 47.183099 16.438356 37.079431 52.592593 63.126050 37.385237 96.647588 76.550052 99.515653
26.145956 13.043478 95.044832 0.000000 0.000000 0.000000 0.000000 0.000000 0.000000 0.000000 0.000000 0.000000 0.000000 0.000000 0.000000
54.610535 0.000000 95.139217 63.258929 0.000000 79.598028 48.674399 22.275164 30.003469 49.259259 59.327731 48.071979 90.883074 90.266713 99.691936
83.342237 69.565217 94.950448 47.901786 0.000000 76.829731 34.341342 19.178082 43.322928 53.148148 34.184874 24.495042 83.565004 84.412885 99.079172
81.034299 47.826087 95.752714 59.776786 0.000000 80.204778 50.994200 50.744491 29.448491 68.518519 46.420168 58.318032 86.835650 82.126775 99.160317
16.657763 95.652174 95.469561 59.598214 0.000000 80.546075 52.402651 20.131030 34.790149 57.592593 61.512605 55.710613 90.269828 81.226186 99.310442
7.426007 8.695652 94.903256 52.008929 20.374370 77.398559 37.945319 15.247171 44.640999 50.370370 53.210084 37.715755 85.118561 96.847939 99.325623
10.759697 21.739130 0.000000 47.812500 0.000000 77.246871 37.033969 0.000000 47.173084 0.000000 54.487395 35.952993 85.895339 94.146172 99.335908
63.596538 82.608696 95.280793 54.910714 0.000000 78.877512 45.526098 25.848719 33.541450 58.888889 49.579832 38.046272 89.002453 87.114652 99.408943
45.122342 65.217391 0.000000 55.758929 0.000000 80.963216 53.852527 0.000000 30.072841 0.000000 61.680672 39.294895 96.647588 76.307586 99.497110
77.444171 13.043478 95.044832 53.169643 0.000000 77.171028 36.495443 0.000000 37.252862 0.000000 44.537815 33.712817 86.917416 90.994112 99.347825
59.226413 82.608696 95.611137 62.232143 0.000000 82.138794 57.912179 28.290649 27.297954 55.740741 64.941176 52.442159 89.656582 92.656737 99.637395
67.699541 30.434783 95.327985 59.330357 0.000000 79.560106 48.508699 31.268612 31.460284 53.703704 50.924370 46.419390 85.322976 98.268098 99.364291
49.738220 100.000000 95.044832 52.946429 0.000000 78.763747 44.946147 20.607504 35.900104 54.444444 54.016807 41.535072 91.169256 84.170419 99.485094
83.342237 26.086957 94.572912 43.482143 0.000000 76.071293 27.257664 14.472901 58.029830 43.888889 31.428571 19.610723 82.338512 87.391756 99.074375
26.658831 78.260870 96.083058 62.321429 0.000000 83.503982 62.261806 24.895771 29.621922 62.777778 74.521008 51.377158 94.726083 78.247316 99.484402
1.271503 95.652174 95.894290 73.169643 30.525558 81.645810 56.296603 23.406790 33.437392 60.185185 69.109244 62.210797 88.184791 90.128161 99.423629
67.443103 8.695652 0.000000 55.625000 0.000000 78.156997 42.129246 0.000000 34.339230 0.000000 47.529412 42.489901 86.058872 96.501559 99.390103
74.623357 82.608696 96.035866 72.455357 0.000000 81.152825 54.515327 44.669446 26.118626 64.074074 58.184874 57.620272 86.794767 95.393142 99.429267
65.648039 21.739130 94.431336 45.000000 0.000000 76.905575 34.631317 17.927338 45.785640 50.925926 35.697479 35.622475 83.442355 87.357118 99.111313
37.942088 73.913043 0.000000 59.821429 0.000000 79.484262 48.177299 19.178082 30.142213 55.925926 67.731092 41.057657 90.556010 96.570835 99.882758
25.889518 34.782609 95.044832 54.955357 0.000000 79.294653 47.431649 17.867778 34.894207 52.962963 63.764706 42.746970 91.823385 84.828542 99.572321
4.605193 30.434783 95.044832 53.348214 19.582433 77.208950 36.909693 17.331745 49.219563 49.814815 51.126050 38.046272 84.791496 92.829927 99.245071
88.727428 34.782609 95.280793 58.035714 0.000000 79.067122 46.354598 32.102442 30.454388 72.962963 42.756303 51.083364 82.011447 91.790786 99.106022
7.938882 91.304348 95.327985 58.482143 26.493880 78.953356 45.940348 19.356760 38.709677 58.333333 56.705882 43.481454 87.162715 86.698995 99.271477
11.272572 56.521739 95.799906 68.125000 48.092153 83.010997 60.687655 21.441334 33.194589 62.222222 68.403361 53.103195 93.704007 76.723242 99.320727
23.838017 47.826087 95.327985 56.964286 0.000000 80.470231 51.988401 20.607504 35.275754 0.000000 65.008403 43.811972 95.829926 76.550052 99.453002
87.958115 13.043478 95.044832 57.008929 0.000000 78.081153 41.673571 0.000000 32.084634 0.000000 38.621849 54.939405 83.401472 86.283339 99.095539
17.683513 82.608696 96.602171 73.214286 0.000000 85.513841 68.061309 25.729601 28.962886 67.037037 76.235294 65.883217 92.313982 78.628334 99.332990
18.452826 86.956522 96.035866 69.017857 0.000000 82.480091 58.989229 23.942823 31.737773 64.074074 67.025210 54.058024 91.537204 79.459647 99.321518
71.033230 82.608696 96.554979 69.285714 0.000000 82.062950 57.622204 51.101846 26.708290 68.333333 52.504202 73.301506 86.508585 87.010738 99.241214
79.495673 100.000000 95.139217 57.767857 0.000000 78.384528 43.289147 23.704586 33.992369 57.962963 44.605042 46.419390 84.505315 95.046761 99.259955
82.316487 34.782609 94.478528 47.723214 0.000000 76.943496 35.045568 22.632519 43.981963 58.333333 36.168067 24.825560 83.524121 85.174922 99.086836
4.605193 43.478261 95.469561 63.303571 28.293737 79.256731 47.141674 19.535438 38.779050 54.444444 57.176471 47.300771 88.634505 82.057499 99.243835
3.579442 95.652174 95.186409 55.669643 21.382289 78.081153 41.797846 18.939845 43.843219 57.037037 54.957983 35.475578 85.895339 92.448909 99.304657
73.597607 0.000000 95.092025 51.428571 0.000000 78.346606 42.999171 27.873734 39.819632 61.666667 38.218487 43.187661 84.137367 83.997229 99.091484
82.572924 30.434783 0.000000 44.642857 0.000000 76.185059 28.666114 17.272186 52.375997 50.185185 33.042017 20.308483 83.237939 86.248701 99.090397
19.735014 60.869565 95.139217 54.776786 0.000000 80.318544 51.408451 19.535438 49.843913 57.777778 51.932773 40.947484 94.971382 73.882923 99.208479
97.179186 56.521739 95.941482 79.910714 0.000000 82.404247 58.782104 47.766528 21.158515 64.259259 63.092437 74.550129 88.961570 89.954971 99.484253
40.250027 91.304348 94.950448 52.633929 0.000000 78.156997 42.170671 15.306730 34.582033 50.370370 60.168067 34.226956 93.295176 85.174922 99.750879
69.238166 65.217391 95.233601 56.294643 0.000000 78.763747 45.028998 26.563431 32.778356 52.962963 52.672269 39.992655 86.672118 97.263595 99.453793
13.836948 69.565217 95.516753 62.633929 0.000000 82.214638 58.160729 19.594997 34.339230 55.925926 65.344538 46.970253 94.112837 76.376862 99.325623
87.701678 17.391304 0.000000 44.732143 0.000000 76.033371 26.512013 13.758189 55.948665 42.592593 31.529412 18.802791 84.587081 82.819536 99.089704
2.040816 17.391304 0.000000 51.517857 16.414687 76.943496 35.004143 15.485408 50.641693 51.481481 51.563025 41.314726 86.508585 90.717007 99.314250
38.198525 34.782609 95.799906 67.276786 0.000000 83.086841 60.894780 26.206075 24.835241 52.592593 80.369748 58.905619 90.964841 95.219952 99.895169
94.369057 91.304348 94.856064 62.008929 0.000000 78.346606 42.957746 31.149494 30.003469 68.888889 47.193277 51.707675 87.735078 87.149290 99.317513
49.738220 60.869565 95.611137 58.169643 0.000000 80.318544 51.532726 28.767123 33.194589 60.185185 57.915966 42.857143 94.235487 79.425009 99.520449
31.787584 60.869565 95.139217 51.696429 0.000000 78.649981 44.449047 19.178082 37.044745 51.851852 58.823529 34.887991 91.659853 82.057499 99.439057
13.580511 60.869565 94.950448 54.732143 0.000000 78.422450 43.371997 16.081001 41.970170 50.555556 57.781513 30.003672 91.823385 80.256321 99.373835
75.905545 43.478261 0.000000 53.080357 0.000000 77.967387 41.135046 0.000000 35.206382 0.000000 42.084034 39.001102 85.609158 83.997229 99.145927
55.379848 8.695652 94.620104 45.044643 0.000000 76.640121 32.850041 15.366289 46.271245 45.185185 49.647059 31.105398 89.247751 91.825424 99.565794
97.435623 56.521739 95.469561 74.687500 0.000000 82.290482 58.409279 42.465753 22.962192 68.333333 63.394958 63.202350 90.106296 86.525805 99.478567
14.093386 52.173913 95.611137 60.357143 0.000000 81.001138 54.018227 20.547945 32.084634 55.370370 69.243697 44.913698 90.556010 85.867683 99.498989
83.598675 52.173913 94.856064 48.660714 0.000000 76.602199 32.518641 19.594997 44.987860 54.074074 32.806723 24.017628 84.709730 81.122272 99.069282
48.712469 13.043478 94.714488 49.776786 0.000000 77.474403 38.318144 0.000000 40.305238 0.000000 56.638655 38.376790 90.024530 94.838933 99.748753
4.092318 86.956522 95.611137 59.821429 33.189345 79.863481 49.710025 19.058964 38.709677 54.259259 56.806723 42.673522 85.854456 86.976100 99.207342
49.994658 65.217391 95.611137 62.812500 0.000000 81.380356 55.343828 28.469327 29.309747 65.185185 63.731092 44.950422 94.235487 81.364738 99.639274
57.174912 82.608696 0.000000 74.910714 0.000000 85.589685 68.227009 0.000000 23.378425 0.000000 74.521008 68.453911 90.433361 90.820921 99.661921
38.711401 30.434783 94.667296 46.205357 0.000000 76.905575 34.714167 13.758189 42.455775 44.074074 57.344538 31.399192 91.700736 89.504676 99.762549
71.546105 95.652174 95.563945 0.000000 0.000000 0.000000 0.000000 32.221560 0.000000 57.777778 0.000000 0.000000 0.000000 0.000000 0.000000
86.932365 69.565217 95.988674 77.678571 0.000000 82.176716 58.077879 46.575342 23.413111 78.703704 55.126050 81.087036 86.222404 87.287842 99.232857
18.709264 91.304348 94.950448 59.062500 0.000000 78.270762 42.750621 15.783204 39.195283 49.629630 59.327731 36.430408 90.433361 86.006235 99.491868
32.300459 30.434783 96.602171 67.410714 0.000000 86.272279 70.091135 37.343657 25.216788 63.333333 80.470588 69.261844 89.901881 85.382750 99.426399
31.018271 34.782609 95.658329 61.562500 0.000000 81.569966 56.048053 22.156045 29.621922 0.000000 69.815126 47.594565 92.804579 81.503291 99.509769
32.813335 30.434783 95.516753 58.660714 0.000000 81.835419 56.917978 22.156045 30.072841 55.925926 67.865546 50.973191 90.147179 85.798407 99.461457
80.008548 39.130435 95.186409 51.160714 0.000000 78.232840 42.543496 25.967838 37.322234 61.111111 41.579832 40.947484 84.260016 86.698995 99.132626
55.892724 26.086957 0.000000 47.053571 0.000000 77.057262 35.749793 0.000000 44.398196 0.000000 46.689076 31.399192 87.980376 88.638725 99.370967
60.508601 52.173913 95.658329 66.294643 0.000000 80.583997 52.402651 30.911257 27.644814 53.703704 63.394958 65.222181 92.313982 88.708001 99.807151
12.554760 82.608696 96.932515 85.892857 73.146148 86.575654 70.836785 25.134008 26.430801 65.740741 82.420168 70.363570 91.210139 83.893315 99.477627
77.187734 69.565217 95.705521 66.116071 0.000000 81.076981 54.308202 34.723049 26.118626 64.444444 56.571429 59.089240 87.571545 90.058885 99.375664
35.890587 95.652174 0.000000 52.410714 0.000000 79.446341 47.970174 16.319238 34.096427 54.444444 58.084034 40.690415 93.049877 78.766886 99.387631
40.250027 30.434783 94.903256 52.098214 0.000000 78.232840 42.502071 15.961882 35.414499 48.333333 61.815126 37.532134 91.578087 89.089020 99.729270
11.272572 8.695652 0.000000 47.589286 0.000000 77.133106 36.246893 0.000000 46.999653 0.000000 51.663866 38.229893 88.593622 85.382750 99.329727
55.123411 30.434783 95.752714 67.589286 0.000000 83.048919 60.770505 31.923764 26.326743 48.518519 70.184874 52.882850 89.779231 93.626602 99.679129
78.982797 95.652174 96.083058 68.437500 0.000000 81.607888 56.089478 44.669446 25.459591 66.296296 55.159664 67.829600 86.140638 93.834430 99.347429
46.660968 8.695652 0.000000 0.000000 0.000000 0.000000 0.000000 0.000000 0.000000 0.000000 0.000000 0.000000 0.000000 0.000000 0.000000
20.247890 34.782609 0.000000 63.437500 0.000000 84.414107 64.913007 0.000000 31.980576 0.000000 74.218487 56.188028 89.288635 85.105646 99.369483
8.964633 100.000000 0.000000 56.250000 0.000000 78.043231 41.632146 0.000000 40.374610 0.000000 54.386555 47.337495 87.244481 88.049879 99.308167
71.546105 78.260870 98.773006 0.000000 0.000000 0.000000 0.000000 89.934485 0.000000 82.962963 0.000000 0.000000 0.000000 0.000000 0.000000
53.584785 52.173913 0.000000 78.660714 0.000000 87.372014 72.866611 0.000000 22.650017 0.000000 78.319328 77.781858 93.458708 82.196051 99.610000
71.289668 47.826087 96.649363 72.410714 0.000000 84.338263 64.705882 66.706373 33.818939 76.666667 57.445378 79.177378 86.672118 85.174922 99.214314
50.507533 56.521739 95.752714 63.794643 0.000000 82.366325 58.699254 28.171531 27.714187 61.111111 67.058824 47.998531 93.622240 82.992726 99.667262
80.008548 13.043478 95.186409 54.821429 0.000000 78.119075 41.963546 0.000000 34.477974 0.000000 40.974790 46.860081 83.401472 93.349498 99.178959
67.186665 30.434783 95.375177 65.758929 0.000000 79.332575 47.473074 38.058368 32.223378 57.407407 52.067227 52.038193 86.999182 97.263595 99.485143
39.224276 56.521739 94.808872 50.401786 0.000000 77.664012 39.436620 14.949375 40.062435 48.888889 53.277311 27.322806 97.628782 77.485279 99.692579
74.623357 60.869565 94.856064 53.169643 0.000000 76.867653 34.465617 19.237641 40.964273 53.333333 44.168067 30.738156 87.857727 89.331486 99.377741
18.965701 13.043478 95.280793 62.455357 0.000000 80.621919 52.609776 0.000000 30.211585 0.000000 69.680672 51.009916 89.165985 90.613093 99.523762
5.630943 86.956522 96.696555 77.500000 61.555076 83.503982 62.220381 27.933294 30.038155 66.851852 71.327731 66.066838 89.247751 83.443020 99.316771
96.922748 78.260870 96.224634 74.241071 0.000000 84.641638 65.575808 44.371650 22.199098 70.555556 61.714286 70.767536 91.046607 78.108763 99.240176
20.247890 47.826087 0.000000 55.714286 0.000000 79.560106 48.425849 0.000000 42.039542 0.000000 60.504202 38.633860 92.559280 79.425009 99.385801
99.487125 39.130435 94.761680 49.062500 0.000000 76.867653 34.424192 20.547945 40.062435 56.111111 36.436975 25.890562 88.143908 80.810530 99.186623
32.556897 69.565217 95.422369 56.071429 0.000000 81.266591 54.971002 21.620012 32.396809 65.185185 63.663866 41.424899 96.688471 75.545549 99.435151
36.659900 86.956522 95.233601 57.142857 0.000000 79.901403 49.875725 17.272186 32.049948 58.148148 64.000000 40.359897 94.766966 81.226186 99.683580
4.861631 39.130435 95.092025 52.053571 24.982001 77.929465 40.845070 18.939845 45.473465 55.185185 49.008403 33.235402 86.590352 82.299965 99.153147
83.855113 91.304348 96.130250 66.205357 0.000000 81.532044 55.882353 46.813580 27.297954 80.555556 45.310924 73.411678 84.341783 82.923450 99.084463
33.582648 69.565217 0.000000 58.035714 0.000000 80.015169 50.289975 18.344253 33.333333 60.370370 58.252101 42.563349 98.323794 74.437132 99.447661
98.204936 39.130435 94.997640 57.410714 0.000000 77.701934 39.602320 22.394282 31.217482 55.740741 50.689076 40.176276 88.470973 92.587461 99.512488
95.896998 78.260870 95.280793 63.526786 0.000000 78.725825 44.863297 27.754616 28.234478 65.925926 50.050420 42.893867 89.206868 85.174922 99.365973
64.365851 21.739130 94.620104 41.830357 0.000000 76.109215 27.671914 14.889815 58.307319 44.444444 35.932773 21.850900 86.140638 83.754763 99.161850
4.861631 56.521739 95.139217 54.017857 24.910007 78.308684 42.792046 17.331745 44.051335 52.407407 51.495798 27.947117 88.920687 78.940076 99.169613
41.532215 43.478261 94.950448 54.955357 0.000000 78.308684 42.833471 14.711138 34.443288 45.740741 61.848739 34.410577 95.053148 82.923450 99.835436
31.274709 26.086957 94.620104 47.857143 0.000000 77.474403 38.318144 15.068493 40.790843 47.407407 56.168067 31.876607 90.392478 87.703498 99.548586
87.958115 78.260870 95.422369 59.955357 0.000000 79.446341 48.053024 30.553901 29.171002 65.370370 44.033613 49.063533 84.791496 84.689990 99.123379
97.948499 47.826087 94.997640 61.562500 0.000000 77.550246 38.856669 22.275164 30.523760 53.518519 51.596639 42.453177 88.266558 96.051264 99.581073
17.683513 78.260870 96.460595 73.348214 0.000000 84.452029 65.078708 25.074449 29.968783 66.666667 73.546218 59.676827 93.008994 77.831659 99.336847
19.478577 78.260870 0.000000 67.901786 0.000000 85.286310 67.357084 0.000000 31.911204 0.000000 69.210084 58.575101 93.908422 73.501905 99.144394
41.019340 69.565217 0.000000 54.732143 0.000000 78.119075 41.963546 0.000000 36.177593 0.000000 55.899160 32.757988 97.628782 76.134396 99.565002
72.571856 78.260870 94.950448 43.928571 0.000000 77.588168 39.105220 24.955331 44.398196 55.925926 33.680672 29.673155 86.835650 76.065120 99.035113
74.110482 56.521739 97.640396 78.616071 0.000000 85.248388 67.315659 57.891602 23.066250 73.518519 61.310924 84.502387 85.772690 87.426394 99.210754
40.250027 82.608696 94.950448 53.616071 0.000000 78.346606 42.999171 15.247171 34.720777 50.555556 60.974790 31.876607 94.848733 82.507794 99.780944
64.878726 34.782609 96.507787 71.741071 0.000000 83.996966 63.753107 70.994640 25.355532 78.703704 59.966387 63.643041 84.914146 94.388639 99.275878
11.785447 17.391304 0.000000 43.616071 17.278618 76.298824 29.867440 13.281715 60.180368 43.148148 44.403361 20.198311 86.876533 87.010738 99.261439
22.299391 0.000000 95.658329 56.964286 0.000000 80.735684 53.024027 0.000000 36.281651 0.000000 66.789916 46.639736 90.392478 85.936959 99.483462
11.785447 52.173913 94.856064 47.455357 19.150468 76.867653 34.631317 15.306730 51.682275 46.666667 46.554622 21.593830 88.879804 81.018358 99.227270
0.512875 0.000000 95.186409 57.142857 18.358531 78.081153 41.632146 19.178082 50.433576 55.000000 52.941176 37.311788 85.159444 89.539314 99.215155
45.378780 65.217391 0.000000 58.214286 0.000000 80.963216 53.935377 0.000000 30.176899 0.000000 60.806723 61.696658 97.138185 76.065120 99.516592
62.314350 8.695652 94.714488 42.723214 0.000000 76.488434 31.524441 15.902323 48.283039 44.814815 40.268908 24.127800 86.304170 88.534811 99.259955
16.657763 21.739130 94.950448 52.812500 0.000000 78.308684 42.792046 18.820727 37.946583 55.925926 57.949580 44.509732 88.307441 89.470038 99.415075
58.457100 43.478261 95.375177 60.357143 0.000000 79.522184 48.301574 27.754616 29.864724 52.592593 58.554622 49.100257 90.515127 90.647731 99.665580
3.066567 73.913043 95.611137 60.357143 27.717783 80.546075 52.278376 20.131030 39.125911 56.111111 60.705882 38.560411 90.024530 79.147904 99.227220
92.317555 43.478261 94.903256 49.776786 0.000000 77.019340 35.542668 21.798690 40.131807 59.444444 35.831933 27.983841 85.854456 82.334603 99.126395
46.404530 26.086957 94.997640 54.285714 0.000000 78.763747 45.070423 21.977367 33.853625 48.888889 56.638655 45.538010 91.210139 85.555940 99.545668
88.214553 69.565217 95.044832 54.196429 0.000000 77.739856 39.809445 23.704586 34.894207 62.222222 39.394958 33.859714 85.445626 84.828542 99.152603
6.143819 39.130435 95.847098 74.642857 44.780418 81.266591 54.929577 24.478856 31.911204 56.666667 67.764706 60.962174 88.716271 86.768272 99.375664
94.871247 34.782609 95.611137 70.089286 0.000000 81.152825 54.598177 42.048839 24.106833 65.000000 55.764706 58.979067 86.017989 90.994112 99.287894
50.507533 78.260870 96.696555 73.482143 0.000000 85.741373 68.682684 37.581894 24.314950 72.037037 75.932773 65.075285 93.622240 83.304468 99.685459
16.401325 52.173913 95.280793 56.517857 0.000000 79.142965 46.685998 20.131030 36.281651 55.000000 60.773109 36.871098 88.798038 87.564946 99.402960
22.299391 26.086957 94.950448 51.919643 0.000000 78.839590 45.318973 19.714116 39.611516 53.888889 63.932773 46.456115 89.820114 89.504676 99.552195
21.273640 60.869565 95.139217 60.535714 0.000000 80.963216 53.852527 20.428827 34.686091 50.555556 70.050420 50.495777 92.273099 84.447523 99.602039
65.904477 56.521739 95.799906 69.642857 0.000000 84.755404 65.948633 65.276951 23.933403 80.555556 55.731092 75.762027 84.955029 86.248701 99.153493
43.583716 65.217391 95.092025 0.000000 0.000000 0.000000 0.000000 16.974390 0.000000 53.518519 0.000000 0.000000 0.000000 0.000000 0.000000
64.622289 86.956522 96.413403 71.741071 0.000000 84.186576 64.250207 55.330554 24.835241 84.074074 59.058824 71.648917 86.835650 88.950468 99.299366
25.889518 39.130435 95.139217 57.678571 0.000000 79.522184 48.342999 18.106015 34.720777 55.370370 66.352941 40.763863 92.804579 83.096640 99.590073
82.829362 26.086957 94.620104 44.687500 0.000000 76.109215 27.754764 16.736152 52.480055 48.333333 32.336134 21.373485 83.524121 83.997229 99.072645
80.521423 82.608696 96.979707 79.553571 0.000000 85.703451 68.558409 64.026206 21.609435 77.037037 64.705882 73.925817 83.851186 98.025632 99.260351
20.247890 69.565217 95.186409 55.312500 0.000000 80.470231 51.988401 19.714116 40.443982 58.703704 60.168067 38.376790 93.213410 77.312089 99.322705
76.674858 56.521739 95.139217 0.000000 0.000000 0.000000 0.000000 25.134008 0.000000 56.666667 0.000000 0.000000 0.000000 0.000000 0.000000
68.468854 82.608696 98.820198 90.000000 0.000000 92.491468 84.962717 82.430018 18.765175 68.703704 87.563025 83.327213 88.062142 94.561829 99.524207
16.914200 26.086957 94.667296 47.901786 0.000000 77.322715 37.448219 14.353782 44.779743 46.111111 51.159664 35.108336 88.021259 86.491167 99.319689
52.302596 34.782609 0.000000 80.803571 0.000000 89.609405 78.376139 0.000000 22.060354 0.000000 80.571429 75.872200 89.329518 88.638725 99.479259
64.109413 60.869565 95.186409 47.142857 0.000000 78.194918 42.294946 26.146516 39.438085 57.592593 41.781513 33.712817 87.367130 80.429512 99.145630
31.531146 47.826087 94.667296 46.696429 0.000000 77.322715 37.406794 13.996426 42.802636 47.037037 53.109244 26.221080 93.622240 79.078628 99.446475
56.405599 95.652174 0.000000 50.982143 0.000000 77.360637 37.779619 0.000000 40.894901 0.000000 50.521008 34.300404 88.798038 92.379633 99.538993
41.788653 4.347826 0.000000 53.571429 0.000000 77.739856 39.892295 0.000000 34.928894 0.000000 61.142857 32.317297 93.090760 87.876689 99.869011
55.636286 95.652174 0.000000 46.741071 0.000000 77.284793 37.199669 0.000000 42.074228 0.000000 46.184874 33.749541 87.980376 88.500173 99.367604
13.580511 95.652174 95.469561 59.687500 0.000000 79.711794 49.088650 22.096486 36.697884 58.888889 60.739496 45.721631 89.697465 84.031867 99.365824
60.252164 8.695652 94.997640 52.366071 0.000000 78.270762 42.584921 20.607504 35.310441 48.333333 55.294118 37.128167 89.820114 92.899203 99.662465
70.520355 91.304348 95.611137 47.857143 0.000000 78.877512 45.567523 34.901727 38.779050 64.259259 37.310924 42.085935 86.958299 76.653966 99.051036
58.200662 0.000000 95.186409 60.089286 0.000000 79.673872 49.005800 23.883264 30.280957 50.185185 57.747899 49.063533 90.106296 92.379633 99.679574
75.905545 78.260870 0.000000 50.535714 0.000000 78.156997 42.129246 0.000000 37.565036 0.000000 38.386555 38.707308 85.772690 81.052996 99.100138
12.298322 56.521739 95.799906 64.776786 43.988481 82.669700 59.569180 20.845742 33.749566 56.851852 66.521008 48.071979 93.295176 76.342224 99.276422
16.657763 65.217391 95.375177 55.446429 0.000000 80.166856 50.911350 19.237641 38.397503 56.111111 58.487395 39.625413 93.376942 76.272948 99.277410
62.314350 0.000000 94.808872 46.741071 0.000000 76.867653 34.382767 18.225134 43.600416 47.962963 43.394958 27.065736 85.936222 94.076896 99.336551
79.239235 65.217391 95.658329 65.446429 0.000000 81.190747 54.598177 34.544372 26.500173 61.851852 54.117647 57.767169 87.489779 88.777277 99.338875
41.275777 13.043478 0.000000 49.196429 0.000000 77.512325 38.732394 0.000000 37.807839 0.000000 54.117647 36.026441 91.169256 85.278836 99.528905
13.580511 13.043478 95.139217 53.571429 0.000000 78.346606 42.999171 0.000000 38.501561 0.000000 59.831933 41.939038 87.816844 92.691375 99.458144
88.214553 56.521739 95.044832 55.401786 0.000000 77.739856 39.892295 23.585468 34.339230 61.111111 40.436975 37.017995 85.159444 85.833045 99.155817
72.571856 0.000000 95.375177 58.437500 0.000000 78.498294 43.703397 26.444312 34.235172 59.444444 47.731092 39.147999 87.040065 94.250087 99.423827
12.554760 21.739130 94.620104 47.142857 16.774658 76.791809 33.927092 13.639071 48.248352 44.259259 51.932773 32.207124 88.430090 87.564946 99.377544
22.042953 73.913043 96.083058 58.750000 0.000000 82.138794 57.912179 0.000000 35.067638 0.000000 69.344538 45.721631 93.336059 78.801524 99.411960
88.214553 47.826087 94.950448 53.125000 0.000000 77.322715 37.489644 24.836212 37.218176 62.777778 37.411765 35.695924 85.445626 83.616211 99.132922
66.673790 65.217391 95.563945 60.892857 0.000000 80.925294 53.686827 35.914235 29.899410 62.222222 50.789916 53.654058 88.634505 82.299965 99.249324
46.404530 82.608696 96.319018 62.723214 0.000000 83.390216 61.888981 0.000000 27.020465 0.000000 65.344538 55.710613 93.581357 78.074125 99.387977
98.461374 69.565217 95.658329 64.017857 0.000000 80.508153 52.195526 32.698035 24.592438 65.370370 57.277311 53.286816 89.247751 88.257707 99.460666
49.738220 4.347826 94.761680 48.303571 0.000000 77.360637 37.821044 16.140560 40.860215 47.592593 51.865546 34.190231 91.087490 87.634222 99.617615
48.712469 82.608696 96.083058 60.892857 0.000000 82.518013 59.113505 30.851697 29.760666 56.296296 67.226891 51.156812 90.719542 87.668860 99.578551
96.409873 86.956522 97.215668 77.544643 0.000000 85.589685 68.185584 49.910661 20.534166 78.518519 69.075630 74.917371 88.798038 87.530308 99.405383
39.480714 26.086957 94.903256 56.875000 0.000000 78.574137 44.159072 16.557475 31.807145 44.814815 66.151261 46.823357 92.436631 91.340492 99.943629
77.444171 95.652174 95.139217 60.267857 0.000000 78.612059 44.283347 26.027397 31.009365 60.555556 48.806723 51.524054 86.672118 92.656737 99.362264
53.584785 39.130435 0.000000 68.616071 0.000000 84.034888 63.753107 0.000000 25.147416 0.000000 69.579832 66.911495 90.188062 89.539314 99.591754
85.393739 8.695652 95.044832 52.678571 0.000000 77.739856 39.809445 25.908279 36.559140 68.888889 36.168067 45.941976 83.033524 85.590578 99.076699
13.580511 39.130435 95.044832 55.625000 0.000000 78.460372 43.537697 17.510423 38.848422 51.296296 60.336134 40.690415 89.002453 88.811915 99.457650
22.042953 4.347826 0.000000 48.214286 0.000000 78.005309 41.383596 0.000000 44.987860 0.000000 58.252101 33.933162 90.433361 85.763769 99.480248
24.607330 78.260870 95.469561 53.571429 0.000000 79.711794 49.088650 21.262656 36.281651 56.111111 64.739496 39.625413 91.373671 83.546935 99.478270
93.086868 73.913043 95.327985 54.419643 0.000000 79.484262 48.218724 31.268612 32.223378 68.148148 38.890756 43.481454 88.225675 75.060617 99.043767
60.252164 69.565217 95.422369 61.116071 0.000000 79.673872 49.005800 29.124479 30.246271 51.666667 61.613445 45.280940 91.169256 90.855559 99.749692
52.559034 39.130435 96.130250 72.633929 0.000000 83.617747 62.593206 43.537820 24.384322 58.148148 70.588235 65.883217 90.883074 89.816418 99.673393
26.658831 60.869565 95.375177 55.000000 0.000000 80.773606 53.148302 20.964860 33.853625 60.370370 66.285714 40.984209 94.358136 78.524420 99.474363
93.086868 47.826087 95.799906 58.437500 0.000000 80.508153 52.195526 47.349613 29.483177 76.851852 43.394958 59.199412 86.222404 78.178039 99.062013
78.469922 8.695652 94.950448 55.892857 0.000000 77.322715 37.448219 20.309708 34.928894 54.814815 47.394958 40.727139 87.162715 93.488050 99.417300
14.862699 0.000000 95.469561 56.205357 0.000000 78.953356 45.857498 20.547945 37.426292 55.925926 59.798319 42.967315 87.408013 91.686872 99.399597
41.788653 65.217391 0.000000 49.642857 0.000000 77.095184 36.081193 0.000000 40.374610 0.000000 57.411765 26.000734 96.116108 81.260824 99.848935
70.520355 100.000000 94.856064 44.285714 0.000000 77.133106 36.205468 21.560453 45.855012 55.370370 33.949580 31.950055 86.917416 77.381365 99.065326
12.811198 17.391304 0.000000 48.616071 17.278618 76.791809 33.844242 13.758189 47.450572 45.185185 53.176471 35.181785 87.735078 91.236578 99.413344
22.042953 21.739130 0.000000 41.473214 0.000000 76.298824 29.826015 0.000000 61.394381 0.000000 51.025210 23.687110 89.615699 86.976100 99.452606
84.880863 56.521739 94.950448 54.419643 0.000000 78.232840 42.460646 25.550923 34.027055 62.592593 40.134454 40.433346 87.694195 79.078628 99.127483
76.161983 60.869565 95.516753 58.794643 0.000000 79.218809 46.975973 33.174509 31.945890 65.370370 42.857143 51.634227 86.222404 81.711119 99.128225
74.110482 17.391304 95.516753 62.500000 0.000000 79.142965 46.768848 29.064920 29.968783 61.481481 43.092437 75.174440 83.483238 91.132664 99.156855
22.299391 21.739130 94.714488 47.232143 0.000000 77.701934 39.643745 15.306730 43.912591 50.185185 58.554622 40.543518 89.656582 89.123658 99.522328
22.812266 65.217391 95.705521 55.982143 0.000000 82.100872 57.787904 24.121501 35.206382 60.370370 68.840336 46.933529 96.443173 75.822653 99.440689
97.692061 95.652174 95.422369 65.312500 0.000000 79.749716 49.295775 29.958309 26.118626 60.370370 55.966387 53.984576 88.838921 90.335989 99.484500
54.354098 47.826087 96.130250 74.464286 0.000000 83.807357 63.090307 43.478261 24.141519 56.481481 71.025210 67.609254 91.741619 87.461032 99.678437
49.225345 69.565217 94.997640 50.312500 0.000000 77.853622 40.637945 21.739130 41.415193 50.555556 49.310924 29.159016 93.663123 78.559058 99.423333
49.738220 8.695652 94.714488 46.919643 0.000000 76.981418 35.418393 15.008934 43.392300 45.000000 50.453782 30.297466 90.515127 89.227572 99.612275
47.430281 95.652174 0.000000 66.383929 0.000000 80.508153 52.195526 0.000000 31.772459 0.000000 60.336134 52.185090 92.109567 84.724628 99.597045
56.662037 4.347826 0.000000 47.500000 0.000000 76.867653 34.507042 0.000000 44.987860 0.000000 49.042017 26.551598 88.470973 93.626602 99.541168
52.046159 8.695652 94.620104 44.196429 0.000000 76.678043 33.181442 16.081001 46.826223 48.148148 45.613445 34.300404 88.879804 87.772775 99.418042
70.520355 13.043478 94.620104 43.303571 0.000000 76.678043 33.140017 0.000000 79.118973 0.000000 37.008403 22.622108 87.408013 82.022861 99.181629
66.930228 26.086957 94.856064 52.410714 0.000000 77.588168 39.063795 24.002382 36.906001 50.925926 45.546218 39.845758 85.486509 96.051264 99.339073
66.673790 78.260870 96.507787 70.000000 0.000000 83.959044 63.545982 51.220965 25.286160 69.074074 58.722689 68.049945 87.408013 86.214063 99.277509
99.487125 100.000000 94.714488 49.285714 0.000000 76.640121 32.850041 19.356760 42.039542 54.259259 36.773109 24.678663 87.285364 82.369241 99.184349
96.153435 39.130435 94.856064 55.401786 0.000000 77.322715 37.531069 20.250149 33.922997 55.000000 46.319328 35.108336 87.489779 89.954971 99.366121
52.302596 100.000000 95.186409 62.142857 0.000000 79.901403 49.875725 21.381775 30.003469 53.888889 59.731092 50.532501 90.392478 91.686872 99.685805
65.904477 86.956522 97.451628 85.089286 0.000000 88.699279 76.263463 84.455033 20.152619 81.296296 66.487395 99.963276 85.404742 88.049879 99.202546
85.137301 43.478261 94.997640 52.053571 0.000000 77.701934 39.768020 29.898749 37.356920 74.074074 36.638655 41.865589 84.832379 82.854174 99.099100
59.995726 8.695652 95.092025 54.241071 0.000000 78.308684 42.792046 24.657534 34.200486 52.592593 53.781513 39.221447 88.675388 97.471424 99.663751
64.878726 21.739130 94.903256 48.125000 0.000000 77.208950 36.743993 24.538416 40.374610 53.518519 41.512605 37.201616 84.178250 95.808798 99.251796
54.354098 17.391304 94.761680 51.517857 0.000000 77.512325 38.566694 17.153067 36.940687 45.000000 52.436975 38.156445 89.206868 93.626602 99.613709
2.553692 13.043478 94.997640 53.437500 0.000000 77.133106 36.329743 0.000000 50.364204 0.000000 52.403361 29.048843 87.408013 88.361621 99.325326
24.094455 43.478261 95.375177 60.089286 0.000000 81.190747 54.639602 22.096486 32.813042 55.740741 68.000000 51.413882 92.886345 79.909941 99.435003
38.711401 47.826087 94.997640 53.883929 0.000000 77.664012 39.395195 15.068493 36.385709 48.888889 62.151261 30.958502 93.049877 87.426394 99.839045
22.812266 95.652174 95.233601 52.633929 0.000000 79.218809 47.100249 17.510423 38.813736 55.740741 63.294118 38.854205 91.291905 84.689990 99.518175
67.443103 4.347826 95.469561 59.955357 0.000000 78.725825 44.821872 29.124479 32.535553 52.962963 49.075630 46.603011 86.181521 96.120540 99.392625
12.811198 52.173913 95.327985 61.026786 28.077754 81.304513 55.012428 18.106015 35.691988 53.518519 64.403361 45.538010 92.232216 78.108763 99.303964
39.737151 95.652174 94.950448 53.080357 0.000000 78.119075 42.004971 15.068493 36.246965 49.074074 62.420168 32.317297 93.458708 87.876689 99.919943
63.340100 100.000000 95.092025 52.276786 0.000000 78.156997 42.170671 24.121501 35.657301 56.851852 48.806723 38.817481 88.266558 89.920333 99.424569
2.040816 82.608696 96.790939 83.348214 0.000000 85.855138 68.931234 28.588446 30.627818 68.148148 77.915966 65.662872 90.228945 80.048493 99.268806
87.445240 60.869565 94.997640 51.785714 0.000000 78.460372 43.620547 22.453842 34.061741 59.814815 39.226891 33.382299 87.367130 79.771389 99.130400
75.649108 100.000000 0.000000 50.178571 0.000000 77.436481 38.276719 0.000000 39.750260 0.000000 39.294118 36.026441 84.914146 85.625216 99.142812
90.778929 0.000000 96.649363 65.000000 0.000000 80.204778 51.035626 40.976772 28.165106 72.037037 48.067227 57.693720 84.341783 90.197437 99.184151
39.737151 91.304348 94.997640 53.928571 0.000000 78.687903 44.656172 15.068493 34.408602 49.444444 63.563025 33.859714 93.744890 86.664357 99.892054
77.957047 13.043478 95.044832 53.080357 0.000000 77.284793 37.323944 0.000000 37.148803 0.000000 41.983193 41.608520 84.709730 94.319363 99.262329
45.891655 8.695652 95.092025 52.232143 0.000000 78.612059 44.324772 0.000000 34.408602 0.000000 52.974790 41.975762 93.008994 79.979217 99.448403
52.302596 69.565217 96.224634 76.116071 0.000000 84.717482 65.782933 37.045861 24.835241 64.074074 73.210084 62.541315 92.313982 84.793904 99.620929
86.163052 47.826087 95.375177 0.000000 0.000000 0.000000 0.000000 27.754616 0.000000 67.592593 0.000000 0.000000 0.000000 0.000000 0.000000
2.297254 100.000000 95.375177 63.169643 0.000000 78.991278 46.064623 19.475878 39.819632 57.222222 58.722689 43.811972 87.571545 89.470038 99.360632
31.018271 0.000000 95.894290 69.062500 0.000000 83.238529 61.391881 23.228112 26.881720 62.222222 73.815126 68.343739 93.663123 81.330100 99.579194
77.957047 8.695652 95.044832 53.169643 0.000000 77.588168 39.105220 23.049434 36.871315 54.629630 42.655462 42.196107 84.627964 94.769657 99.263565
12.554760 78.260870 96.649363 83.750000 71.274298 86.803185 71.458161 25.193568 26.604232 66.666667 81.546218 68.049945 91.700736 82.196051 99.450579
72.828294 8.695652 95.139217 50.357143 0.000000 78.194918 42.212096 25.312686 38.813736 58.888889 37.747899 44.289387 84.382666 84.412885 99.106566
70.776792 60.869565 95.469561 53.169643 0.000000 79.256731 47.224524 31.983323 35.241068 58.703704 41.512605 43.077488 89.493050 75.822653 99.099100
38.198525 86.956522 95.611137 59.196429 0.000000 80.849450 53.396852 21.024419 28.442595 58.518519 70.117647 51.707675 92.559280 88.188431 99.809574
15.119137 56.521739 0.000000 59.107143 0.000000 79.332575 47.597349 0.000000 35.622615 0.000000 62.890756 44.362835 88.389207 90.058885 99.437623
41.275777 95.652174 95.044832 54.866071 0.000000 78.156997 42.087821 16.378797 34.824835 47.037037 61.310924 35.916269 93.663123 86.040873 99.845523
14.349824 100.000000 95.092025 52.187500 0.000000 77.701934 39.768020 16.736152 43.669788 52.407407 57.747899 27.910393 86.672118 96.917215 99.449392
56.405599 8.695652 0.000000 47.723214 0.000000 76.981418 35.169843 0.000000 42.767950 0.000000 48.705882 30.517811 87.775961 97.228957 99.560107
34.095523 47.826087 0.000000 62.366071 0.000000 82.290482 58.367854 24.240619 29.691294 67.037037 66.218487 55.306647 97.301717 75.233807 99.451963
81.547174 4.347826 95.139217 71.205357 0.000000 81.304513 55.136703 60.214413 26.083940 77.037037 52.504202 64.377525 84.750613 95.843436 99.285569
44.609467 56.521739 0.000000 58.928571 0.000000 80.470231 52.112676 0.000000 28.650711 0.000000 64.403361 45.868527 94.603434 80.290959 99.609358
49.994658 73.913043 96.743747 71.383929 0.000000 85.930982 69.096935 40.440739 25.355532 75.000000 76.369748 60.301138 94.521668 80.152407 99.588441
71.802543 78.260870 97.829165 0.000000 0.000000 0.000000 0.000000 79.630733 0.000000 76.666667 0.000000 0.000000 0.000000 0.000000 0.000000
1.025751 91.304348 95.988674 78.571429 29.805616 81.418278 55.509528 24.836212 34.131113 64.074074 67.831933 67.866324 88.593622 86.456529 99.357665
49.481782 30.434783 94.856064 49.151786 0.000000 77.664012 39.519470 20.190590 39.403399 48.518519 52.134454 38.707308 88.634505 92.414271 99.525839
90.266054 91.304348 95.469561 56.205357 0.000000 78.915434 45.774648 33.114949 32.431495 70.185185 43.630252 48.843188 84.750613 87.564946 99.164025
62.047227 91.304348 95.469561 53.616071 0.000000 80.166856 50.911350 32.281120 32.362123 60.555556 48.907563 45.317664 87.244481 86.040873 99.262576
13.836948 100.000000 95.092025 59.598214 0.000000 78.384528 43.164872 16.914830 37.183489 52.407407 62.285714 43.077488 89.493050 90.924835 99.565398
94.112619 52.173913 94.667296 59.419643 0.000000 77.967387 41.093621 26.920786 30.454388 63.888889 46.285714 34.851267 87.939493 86.110149 99.305547
26.658831 65.217391 95.186409 55.357143 0.000000 80.091013 50.621375 18.761167 35.587929 55.185185 65.445378 37.164892 94.766966 78.143401 99.483660
68.468854 100.000000 96.649363 73.348214 0.000000 83.769435 63.090307 56.998213 23.794658 58.333333 65.882353 61.953728 87.571545 96.293731 99.516889
84.111550 43.478261 96.319018 75.491071 0.000000 82.366325 58.616404 64.204884 24.384322 73.333333 51.865546 82.188762 83.565004 89.643228 99.143010
84.111550 30.434783 95.139217 60.133929 0.000000 78.763747 44.987572 36.748064 31.286854 64.629630 42.218487 58.060962 82.665576 91.894700 99.130697
74.879795 39.130435 95.469561 61.205357 0.000000 79.635950 48.798674 32.400238 29.032258 62.592593 52.907563 47.447668 86.876533 91.167302 99.347429
86.675927 30.434783 95.233601 0.000000 0.000000 0.000000 0.000000 25.253127 0.000000 65.185185 0.000000 0.000000 0.000000 0.000000 0.000000
29.736083 91.304348 95.186409 54.776786 0.000000 79.673872 48.922949 19.058964 35.275754 57.037037 61.546218 44.913698 93.295176 79.217180 99.431146
46.404530 100.000000 0.000000 0.000000 0.000000 0.000000 0.000000 0.000000 0.000000 0.000000 0.000000 0.000000 0.000000 0.000000 0.000000
31.787584 21.739130 94.620104 46.205357 0.000000 77.095184 36.122618 14.472901 43.461672 45.000000 54.554622 30.407639 89.942764 87.218566 99.488555
32.300459 47.826087 95.233601 50.535714 0.000000 80.128934 50.787075 23.525908 36.455082 59.629630 57.915966 42.012486 95.421096 75.199169 99.323398
21.017203 95.652174 94.572912 52.946429 0.000000 77.853622 40.637945 15.485408 43.808533 47.777778 61.613445 32.794712 88.961570 97.540700 99.702617
44.609467 65.217391 95.280793 56.160714 0.000000 80.015169 50.372825 24.359738 30.280957 55.740741 61.344538 37.899376 95.584628 78.212678 99.556349
65.904477 47.826087 95.658329 64.821429 0.000000 85.475920 67.895609 64.562239 26.326743 81.296296 53.210084 73.374954 84.546198 86.525805 99.142021
49.994658 0.000000 94.761680 49.464286 0.000000 77.512325 38.608119 16.497915 40.443982 48.518519 50.789916 33.859714 91.373671 84.759266 99.527521
48.968907 95.652174 94.950448 49.464286 0.000000 77.929465 41.010771 21.917808 43.218869 53.703704 50.991597 33.676093 90.842191 84.066505 99.452458
83.085800 13.043478 94.761680 46.651786 0.000000 76.374668 30.405965 0.000000 46.687478 0.000000 32.974790 26.404701 83.197056 85.902321 99.085798
30.761834 34.782609 95.894290 70.133929 0.000000 84.641638 65.617233 24.955331 25.841138 59.074074 76.705882 71.428571 93.417825 80.533426 99.511994
81.547174 26.086957 94.572912 66.428571 0.000000 80.242700 51.201326 46.575342 27.402012 70.925926 48.470588 59.236137 83.892069 97.471424 99.256593
67.443103 69.565217 95.658329 63.125000 0.000000 79.105044 46.478873 31.328172 32.639612 58.703704 49.512605 48.622842 87.203598 91.201940 99.371362
36.916337 30.434783 94.572912 49.241071 0.000000 76.943496 35.128418 13.043478 40.756157 40.925926 59.126050 29.489534 91.618970 91.132664 99.817486
91.548242 8.695652 94.667296 42.901786 0.000000 76.336746 30.033140 16.617034 52.271939 49.444444 27.058824 19.537275 81.725266 80.325598 98.994467
68.981729 100.000000 95.280793 55.982143 0.000000 77.967387 41.176471 25.908279 35.726674 54.259259 49.815126 39.919207 87.285364 96.397645 99.494983
6.143819 82.608696 0.000000 84.687500 0.000000 85.968904 69.221210 0.000000 28.616025 0.000000 79.092437 64.193904 90.801308 82.022861 99.375516
23.325142 91.304348 95.658329 60.312500 0.000000 81.607888 56.089478 20.905301 32.847728 61.481481 70.386555 50.899743 93.376942 81.641843 99.566783
94.614809 26.086957 94.856064 58.169643 0.000000 77.512325 38.525269 23.883264 32.431495 56.111111 45.008403 45.868527 85.527392 93.869068 99.307178
49.738220 95.652174 95.327985 55.089286 0.000000 79.598028 48.550124 25.610482 32.847728 58.333333 55.025210 48.402497 91.537204 82.473156 99.446821
0.256438 34.782609 95.327985 68.437500 19.006479 78.877512 45.567523 22.275164 46.340617 57.777778 57.714286 47.814910 86.181521 89.158296 99.263120
25.633080 39.130435 96.130250 64.151786 0.000000 83.921122 63.463132 28.231090 27.922303 65.000000 79.226891 62.724936 92.068684 84.135781 99.566931
16.914200 4.347826 94.950448 51.205357 0.000000 78.005309 41.342171 15.902323 40.374610 52.037037 53.613445 41.498347 89.125102 83.304468 99.305794
